[
  {
    "fragment_A": "NAR_ST_43B_FR_15_F_01_R_01_aligned",
    "fragment_B": "NAR_ST_43B_FR_17_F_01_R_01_aligned",
    "score": 0.9021741151809692,
    "transformation": [
      [
        1.0,
        0.0,
        0.0,
        0.0
      ],
      [
        0.0,
        1.0,
        0.0,
        0.0
      ],
      [
        0.0,
        0.0,
        1.0,
        0.0
      ],
      [
        0.0,
        0.0,
        0.0,
        1.0
      ]
    ]
  },
  {
    "fragment_A": "NAR_ST_43B_FR_07_F_01_R_01_aligned",
    "fragment_B": "NAR_ST_43B_FR_17_F_01_R_01_aligned",
    "score": 0.799927294254303,
    "transformation": [
      [
        -0.09333268045540773,
        0.1203368565787015,
        -0.9883360014224759,
        -9.659373639761437
      ],
      [
        0.12281887379423108,
        -0.9836957869896662,
        -0.13137017507295864,
        49.18776217278054
      ],
      [
        -0.9880306346459752,
        -0.13364744519645716,
        0.07703132735150402,
        -2.8028229632498434
      ],
      [
        0.0,
        0.0,
        0.0,
        1.0
      ]
    ]
  },
  {
    "fragment_A": "NAR_ST_43B_FR_14_F_01_R_01_aligned",
    "fragment_B": "NAR_ST_43B_FR_07_F_01_R_01_aligned",
    "score": 0.7204336524009705,
    "transformation": [
      [
        1.0,
        0.0,
        0.0,
        -0.010625346470565233
      ],
      [
        0.0,
        1.0,
        0.0,
        0.003645648716550376
      ],
      [
        0.0,
        0.0,
        1.0,
        0.014620482849132088
      ],
      [
        0.0,
        0.0,
        0.0,
        1.0
      ]
    ]
  },
  {
    "fragment_A": "NAR_ST_43B_FR_13_F_01_R_01_aligned",
    "fragment_B": "NAR_ST_43B_FR_14_F_01_R_01_aligned",
    "score": 0.713882327079773,
    "transformation": [
      [
        0.05633291404890352,
        -0.3613155998347685,
        -0.9307403720215429,
        -9.063396369917374
      ],
      [
        -0.36147207138894677,
        -0.8763595155572773,
        0.31832678350713517,
        7.6964991865790715
      ],
      [
        -0.9306796142607525,
        0.3185043748651747,
        -0.1799733835632406,
        -13.301668225008282
      ],
      [
        0.0,
        0.0,
        0.0,
        1.0
      ]
    ]
  },
  {
    "fragment_A": "NAR_ST_43B_FR_14_F_01_R_01_aligned",
    "fragment_B": "NAR_ST_43B_FR_17_F_01_R_01_aligned",
    "score": 0.7136171460151672,
    "transformation": [
      [
        1.0,
        0.0,
        0.0,
        0.0
      ],
      [
        0.0,
        1.0,
        0.0,
        0.0
      ],
      [
        0.0,
        0.0,
        1.0,
        0.0
      ],
      [
        0.0,
        0.0,
        0.0,
        1.0
      ]
    ]
  },
  {
    "fragment_A": "NAR_ST_43B_FR_15_F_01_R_01_aligned",
    "fragment_B": "NAR_ST_43B_FR_12_F_01_R_01_aligned",
    "score": 0.6607114672660828,
    "transformation": [
      [
        1.0,
        0.0,
        0.0,
        0.0
      ],
      [
        0.0,
        1.0,
        0.0,
        0.0
      ],
      [
        0.0,
        0.0,
        1.0,
        0.0
      ],
      [
        0.0,
        0.0,
        0.0,
        1.0
      ]
    ]
  },
  {
    "fragment_A": "NAR_ST_43B_FR_13_F_01_R_01_aligned",
    "fragment_B": "NAR_ST_43B_FR_07_F_01_R_01_aligned",
    "score": 0.6246764063835144,
    "transformation": [
      [
        0.9999989424183529,
        -0.0014175371427710708,
        -0.0003251932148990947,
        0.0070433503604239315
      ],
      [
        0.0014170656776008393,
        0.9999979512568979,
        -0.0014454780779713933,
        -0.009710686508406174
      ],
      [
        0.0003272415675265712,
        0.0014450157291165556,
        0.9999989024206484,
        -0.015152874086326543
      ],
      [
        0.0,
        0.0,
        0.0,
        1.0
      ]
    ]
  },
  {
    "fragment_A": "NAR_ST_43B_FR_13_F_01_R_01_aligned",
    "fragment_B": "NAR_ST_43B_FR_17_F_01_R_01_aligned",
    "score": 0.6110655069351196,
    "transformation": [
      [
        1.0,
        0.0,
        0.0,
        0.0
      ],
      [
        0.0,
        1.0,
        0.0,
        0.0
      ],
      [
        0.0,
        0.0,
        1.0,
        0.0
      ],
      [
        0.0,
        0.0,
        0.0,
        1.0
      ]
    ]
  },
  {
    "fragment_A": "NAR_ST_43B_FR_07_F_01_R_01_aligned",
    "fragment_B": "NAR_ST_43B_FR_12_F_01_R_01_aligned",
    "score": 0.5925047397613525,
    "transformation": [
      [
        0.9999989579149251,
        -0.0014194095472923787,
        0.00026352532910698436,
        0.040246638905730235
      ],
      [
        0.001419507255936553,
        0.9999989236936718,
        -0.0003709590923792883,
        -0.0025759854094928427
      ],
      [
        -0.00026299850259624307,
        0.00037133278192646996,
        0.9999998964718714,
        -0.012166819565803382
      ],
      [
        0.0,
        0.0,
        0.0,
        1.0
      ]
    ]
  },
  {
    "fragment_A": "NAR_ST_43B_FR_14_F_01_R_01_aligned",
    "fragment_B": "NAR_ST_43B_FR_12_F_01_R_01_aligned",
    "score": 0.5845816135406494,
    "transformation": [
      [
        0.999999835195266,
        -0.0003986697717347871,
        -0.0004131245035208853,
        0.004377769486813043
      ],
      [
        0.0003986481957750998,
        0.9999999191717774,
        -5.23073187826963e-05,
        0.0012763655335329064
      ],
      [
        0.00041314532347523246,
        5.2142618824191356e-05,
        0.999999913296042,
        0.015907695732068235
      ],
      [
        0.0,
        0.0,
        0.0,
        1.0
      ]
    ]
  },
  {
    "fragment_A": "NAR_ST_43B_FR_13_F_01_R_01_aligned",
    "fragment_B": "NAR_ST_43B_FR_12_F_01_R_01_aligned",
    "score": 0.5816870331764221,
    "transformation": [
      [
        1.0,
        0.0,
        0.0,
        0.0074746325213812526
      ],
      [
        0.0,
        1.0,
        0.0,
        0.0010001009413063144
      ],
      [
        0.0,
        0.0,
        1.0,
        -0.011987896980226509
      ],
      [
        0.0,
        0.0,
        0.0,
        1.0
      ]
    ]
  },
  {
    "fragment_A": "NAR_ST_43B_FR_15_F_01_R_01_aligned",
    "fragment_B": "NAR_ST_43B_FR_16_F_01_R_01_aligned",
    "score": 0.5282846093177795,
    "transformation": [
      [
        1.0,
        0.0,
        0.0,
        0.0
      ],
      [
        0.0,
        1.0,
        0.0,
        0.0
      ],
      [
        0.0,
        0.0,
        1.0,
        0.0
      ],
      [
        0.0,
        0.0,
        0.0,
        1.0
      ]
    ]
  }
]